22043
98105
98105
78577
30286
30286
30286
78577
78577
98105
34134
78577
92021
78577
98105
92021
02149
90012
98105
34134
94954
94954
92021
92021
34134
98105
94954
91706
90723
85034
78577
02780
85034
85034
91706
21701
05401
27603
91706
97392
27603
94133
78577
90012
02149
92021
22043
27603
85048
78504
27603
27604
80233
91706
94954
92021
92021
27603
90723
27603
92021
94954
27603
67220
92021
85048
92021
02780
27603
92021
21701
27603
94133
92021
02780
45014
60462
92021
60477
27603
27603
33426
90012
60477
22043
78577
05401
27603
78504
27603
45014
05401
60477
30260
91706
60477
78504
27603
90723
91706
30260
91706
97392
22043
90723
80233
70116
33426
97392
80127
85048
91706
21701
60462
30260
45014
91706
22043
30260
46204
67220
46204
30260
91706
25015
30236
94133
80127
21701
70116
21701
80127
30260
33426
80127
46204
78504
46225
99026
46225
46204
25015
30260
60462
21701
30260
90650
46204
78504
22043
46075
94133
60477
94133
90723
99026
34134
98021
94133
46204
90723
94133
95301
90650
60477
60477
70116
70130
46225
70116
94133
90650
65806
05401
94108
22043
94108
70043
21701
70116
46204
70116
30260
46204
65806
21701
30260
91706
70116
46075
94133
70116
65806
77550
21701
70130
34135
22030
77479
90650
34134
70043
05401
34135
99026
22030
29577
34134
94133
23111
95301
01752
05401
90012
90012
77479
65806
34134
05401
29577
78577
21701
34134
05401
99026
76207
21701
29577
46706
05401
70043
34134
34134
91791
34135
21701
91706
05401
46706
34135
76207
05401
92021
97202
76207
91706
91706
92021
76207
92021
85048
21701
78577
22030
92021
92021
99026
21701
46706
76207
46706
22030
76207
43221
99026
85048
99026
60504
92021
92021
05401
85048
21701
78577
60504
99026
46706
11234
60504
90012
92021
76207
21701
30260
92021
30260
85048
76207
85048
95301
11234
21701
77479
85048
01752
85048
01752
91706
90012
85268
85048
27410
70346
30260
76177
78577
85048
20745
21701
85268
60504
85268
70116
95301
85268
76177
76177
85048
60504
70065
60504
21701
70065
70116
20744
21701
85268
85048
95301
20744
20744
70116
76177
70116
70065
70346
01752
01752
70116
95301
76177
60504
21701
05404
21701
29577
60504
01752
20744
95301
70065
77479
78577
70065
70065
78577
76177
29577
01752
78577
05404
29577
20164
70065
78577
20744
29577
01752
60504
21701
20744
29577
90012
78504
01752
21701
29577
29577
70116
78577
20744
21701
20744
78577
76177
21701
91706
20164
78504
29577
70346
20744
70116
70116
60504
91406
85268
60504
95301
60504
21701
78577
01752
29577
01752
76177
90012
85268
78577
01752
32836
30022
30022
30022
76177
29577
76207
78577
76177
70065
29577
78577
21701
01752
60504
70116
76177
30022
20744
76207
78577
20744
01752
30022
29212
29577
01752
95301
95301
21701
60504
20164
85048
78504
76177
70065
21701
01752
76207
32836
30022
85048
32836
29577
60504
76207
70346
01752
70065
20164
29577
29577
29577
20745
76207
70116
70116
20164
60504
78501
70065
05401
01752
85048
70116
90012
76207
90012
60504
70116
76177
70346
60503
29577
29212
60504
30022
20744
76207
85268
60504
60504
20164
05401
29577
29577
21701
32821
70065
78577
30260
29577
20164
32836
80621
29212
77479
60504
76177
01752
95301
20745
60504
70116
05404
32836
05401
78504
05401
78577
21701
70346
77479
20190
80621
30260
85048
05401
78577
95301
76207
91316
20744
05401
95301
32830
29577
80621
76177
95301
60504
05401
29577
70118
60504
95301
20164
30236
05401
76258
70116
29577
32836
85048
77479
76177
85048
70065
29577
32836
30022
80621
32836
21701
70116
29577
70065
20164
90012
05404
95301
60503
30260
29212
32836
30260
80621
21701
01752
60504
40291
78504
32836
85048
60504
21701
32821
76207
30236
60504
60504
32836
32836
21701
76258
05401
60503
30260
60504
01752
29577
70065
32836
70065
60504
30022
60504
60504
77479
29577
76207
76207
80621
20190
91423
76207
20166
20164
20164
70116
29577
60504
60503
70116
76207
01752
32836
90012
70116
85048
01752
80621
76207
76258
30236
29577
32836
29577
95301
70116
30236
20148
20744
76207
85048
76207
77479
30022
77479
20164
78504
80621
76258
32836
30022
91406
05401
21701
20744
91406
95301
80621
70725
95301
29577
20148
30022
76258
70116
29577
70725
60504
80621
60504
01752
30022
21701
95301
85048
21701
70065
20164
05401
70725
76207
70116
29577
60504
32836
60503
76207
70065
78504
01752
60503
29577
70116
78501
40291
29577
60504
76207
30022
30022
70346
60504
29577
32836
29577
78504
91406
29577
32836
85048
85048
78501
20164
30236
76207
60504
21701
32836
80621
29212
30022
91406
30236
76207
76207
76258
70116
76258
21701
30260
85048
70725
30005
29577
21701
32836
60504
30260
29577
76258
29577
80621
91406
70065
70116
29577
70065
91406
70116
78504
32836
30236
21701
29577
80621
06119
32836
85048
78504
70116
60504
70065
30260
29577
06105
30022
01752
70065
70118
77479
20148
85048
60504
91316
80621
91706
05401
70065
76207
91406
32836
70725
40291
32836
05401
06105
32836
20148
60504
21701
76207
20148
30260
32836
29577
20148
78504
05401
29577
30236
29577
70065
76207
60504
30260
32836
70118
60504
80403
32836
91406
70725
65807
85048
70065
76207
06117
70065
32836
80621
80621
20148
05401
05401
65807
70346
29577
20148
30022
70725
78504
30236
76207
30022
80621
70725
70725
21701
30236
30022
65807
78504
60504
60504
32836
30022
77479
17601
70346
60503
05401
32836
32836
77479
91406
29577
06119
06105
60504
30236
29577
29577
70065
60504
70118
29572
80621
60504
70065
32836
80621
29577
70118
05401
30236
06117
77479
21701
70065
30236
17601
70346
20147
70725
91406
60504
46075
78504
29577
60504
70725
40291
40291
29577
80621
91706
70346
17601
29577
30236
91706
17601
06105
29577
80621
91706
05401
78504
78501
91406
29577
70065
20148
30260
70725
78504
80403
29577
60504
77479
70118
60504
60069
70725
17601
91706
60069
60504
32836
91325
70346
70118
46075
40291
20148
05401
77550
80621
70065
77479
46052
29577
29577
05401
60504
46075
77479
20148
17601
21701
60504
05401
85048
21740
77550
80403
91406
20147
21740
21701
17601
78501
80621
21740
29577
70065
17601
91706
91406
21740
17601
60044
05401
06117
91706
70725
02108
91706
21701
02116
02111
30236
80621
21701
85048
77550
30236
78504
70065
40291
21740
91706
60504
60504
91706
02108
77479
78504
65807
78504
60504
17601
91406
02116
17601
70065
21740
46075
91406
91406
70065
77550
85048
60503
78504
60504
05401
02108
77479
60504
70725
29577
77550
91706
46075
17601
30260
02108
60504
77550
05401
05401
30236
91706
77550
70065
30236
85048
60504
05401
91406
30260
91406
60504
02108
91406
77479
02108
30260
78504
85048
05401
17601
30260
85048
70725
77479
60504
65807
29577
17601
21701
21740
21740
05401
91406
02108
02108
06117
77479
46075
05401
60504
20147
02116
30260
70118
30236
05401
70118
70118
30260
05401
21701
60504
60504
77550
91406
21740
60045
60044
85048
05401
85048
77550
80403
30260
78526
78501
65807
91706
21701
05401
60045
60504
60504
77550
02108
80621
02111
77479
80621
05401
77550
05401
02108
60069
30236
21701
77550
05401
46075
30236
05401
70118
05401
80621
05401
02116
60045
77550
46075
02108
85048
80621
60503
60504
80621
60069
80403
77550
30260
65807
21701
78504
02116
05401
46075
30236
17601
02111
17601
20147
77550
77479
46075
85048
21701
17601
85048
20147
78504
21701
21701
30236
02108
02108
46075
30236
17601
05401
65807
05401
77479
78526
02108
60045
85048
60045
70118
46075
77550
60045
17601
30260
70118
60504
91406
17601
02108
77550
60477
65807
05401
02111
85048
85048
80403
05401
60477
60504
65807
05401
30236
30236
77479
30260
05401
60045
30236
85048
02108
60504
77550
05401
77550
02111
30236
77550
60504
65807
02116
02108
05401
77550
02116
02108
05401
60504
80403
05401
60504
02108
30260
77550
80403
02116
77550
21742
80403
30260
78526
70118
85225
30236
60504
02108
80621
60477
77550
21740
60069
33426
80403
02108
02111
80403
77550
60504
05401
85048
21701
02108
30236
60044
91706
05401
70118
21701
02111
02108
77479
80621
77550
60504
02116
70118
02108
05401
78526
77550
77550
21742
70118
02116
02111
30260
77479
85048
21701
05401
65807
60504
60503
77479
80403
91706
02111
85225
91706
33426
21740
70118
60045
77479
80621
06117
21742
78526
60045
77550
60045
33426
70130
21701
91706
77550
85281
02116
70130
65807
77479
77550
02108
78526
21701
78526
77550
60504
30236
30260
02108
91406
77479
80403
80621
21740
80621
91706
60069
60504
70118
60477
70130
78526
78526
21740
85225
30260
80403
85048
60504
80621
77479
80621
65807
80621
60504
60504
02111
21701
60503
80403
60504
60504
65807
33426
70006
60504
78526
60504
80403
33426
77479
20166
70118
60477
60504
05401
21701
05401
78526
85281
60504
21701
20148
60504
60504
20166
33426
21701
05401
60504
20166
60045
05401
70006
44305
60504
60044
44305
30236
60069
30260
77479
21701
30260
44305
33426
21701
30236
60504
60504
20166
44305
44305
33426
44305
70006
21701
60477
91706
80621
60504
30260
60503
70130
80203
20148
44305
20148
44305
05401
44305
05401
21701
60504
20148
20148
33426
02116
30236
80203
05401
02111
80621
30260
30236
02116
28574
70129
21742
44305
28574
05401
70006
21742
30260
77479
21701
80621
21701
21742
02108
77479
05401
02108
21701
21742
44305
21701
30286
60069
94133
20148
20148
21701
05401
60504
05401
02111
20148
94133
28574
44305
94133
30236
28574
20148
70006
77479
28574
21701
33426
05401
02116
02110
05401
28574
02108
02111
20148
65807
60504
70130
02108
02108
20148
02116
33426
91706
20148
28574
21740
02116
80621
80203
94133
05401
20148
89521
02111
65807
02116
02111
02108
30236
44305
70006
21701
05401
60503
05401
30286
60504
33426
05401
21701
21701
65806
21701
30236
05401
60477
33426
33426
02108
20148
60504
05401
28574
30236
21701
44305
05401
28574
44305
60504
21701
21701
70129
94133
65806
30260
21701
94133
60477
21701
44305
30260
02111
28574
65806
28574
20148
70006
02111
33426
60504
28574
94133
02114
05401
65807
05401
94133
28574
65806
30286
44305
60504
70006
02108
44039
94133
33426
21701
94133
28574
70006
02114
44305
05676
30236
44039
65806
94133
70006
02111
70006
44305
02110
70006
60477
05401
94133
94133
60477
65806
60504
44039
60504
05676
60477
28574
21701
65806
30236
89521
94133
21701
65806
30286
28540
65806
21701
21701
44305
33426
65806
02111
60477
30286
60504
05401
33426
30286
65807
28574
05401
44039
60477
70006
70006
20148
02108
70129
05676
65807
30286
21701
30286
30286
65807
60477
44039
65806
70129
02113
65806
02110
65807
60477
28574
70006
44305
02111
30286
65807
60504
30286
60477
21701
44039
02116
94133
70006
21701
44039
44039
02113
05676
33426
65806
02114
21701
02203
60504
05676
33426
94133
05401
02138
80403
20148
60477
60504
28574
94133
21701
44305
60504
30286
02108
05676
66226
60477
02114
02138
01852
02109
28574
66226
33426
94133
65806
66226
05401
02108
70006
65806
02108
33426
44305
66226
05676
66226
05401
02113
05401
02138
60504
60477
33426
02111
02111
05401
60477
60477
94133
05401
05401
30286
30286
05401
94133
02108
60477
05401
60504
21701
94133
23111
30286
65807
65806
65806
80403
80403
02138
44305
60477
33426
94133
44039
66226
30286
70006
28574
02203
70006
02138
02108
20148
21701
30286
60477
60477
70129
44039
05401
60477
94133
21701
44039
02108
21701
44039
60477
60504
05676
21742
80403
60477
94133
44039
94133
30286
60477
02111
21701
60477
02138
60477
60477
28574
65806
60477
02114
05676
60048
65807
28574
05676
80403
02203
01852
02138
91706
70129
30286
30286
05401
60504
02138
05401
05676
60477
65806
23111
94133
60477
70006
20148
30286
20148
02109
80403
60477
30286
94133
77461
80403
80403
05401
30286
60048
60477
02467
65806
66226
80403
65807
66226
60477
02203
05401
02109
44039
60477
30286
65807
44039
80403
66226
05676
60477
02108
60477
60477
02111
70006
80403
91706
20166
60477
60477
28574
02111
30286
05401
80403
28574
05401
02111
80403
23111
20148
60048
02114
21701
60477
80403
80403
60477
28574
66226
44039
02138
80403
02138
65806
30286
91706
80403
80403
94133
65806
91706
66226
02108
02108
60477
44039
23111
60477
66226
28574
60048
01852
05676
65806
02113
65806
80403
65807
70006
02138
70006
65806
28574
91706
30286
65806
28574
02109
60477
02111
28574
91706
02109
02108
65807
02113
65806
65806
02114
02111
70006
02138
02111
02111
05676
65806
77461
02116
77461
05401
70129
65806
66226
80403
66226
65806
70006
66226
05401
02111
60477
02108
02111
65806
60048
30286
66226
65806
21701
60477
02138
91706
76092
02108
60048
60048
05676
23111
70006
80403
80403
91706
80403
05401
05676
02113
01852
76092
05401
44039
44039
94124
76092
65806
94080
02113
70006
80403
05401
80403
44039
30286
02116
02109
76092
05676
91706
65806
80403
60477
80403
60048
60477
21701
91706
60477
60477
02108
60477
24019
70006
60048
60477
80403
70006
70006
94080
70006
80403
94080
70006
66226
91706
05401
65806
60477
65806
05401
30286
76092
01852
05401
76092
60048
65806
05676
02116
65806
70006
60477
05401
60477
05401
30286
85225
44039
70006
60477
02116
91706
05401
60477
24019
85225
05676
02111
60477
76092
05401
65806
21701
02111
85225
76092
21701
05401
85225
80403
65806
05676
21701
60477
02116
02138
70006
91706
77461
30286
23229
66226
60048
77461
94080
60048
85225
30286
60477
76092
94080
94080
21701
60048
60477
94080
66226
66226
05401
76092
66226
91706
21701
30286
77461
05401
91706
33426
21701
94080
21701
30286
21701
05401
05401
91706
21701
21701
70006
21701
21701
66226
98632
80403
33426
05401
70062
70062
66226
70123
21701
80403
21701
98632
05401
05401
05401
21701
91706
66226
60048
80403
60048
70725
24019
66226
70006
23111
80403
33426
76092
23111
05401
85268
60048
70006
30286
05401
91706
66226
21701
24019
21701
85268
21701
21701
94080
70725
76092
76092
21701
70123
91706
76262
05401
24019
94080
70129
76092
33426
05401
98632
45432
94080
94080
05401
21701
91706
91706
98632
85268
70129
94080
70062
23111
05401
05401
05401
85225
70725
76092
05401
80403
05401
85268
21701
05401
76092
60048
85268
91706
85225
76092
76262
91706
05401
70123
70123
76092
76262
94080
98632
85268
94124
70725
76262
94124
05401
76092
21740
45432
98632
21742
85268
85225
05401
85268
70123
05401
94080
20695
60504
33426
70123
44305
70725
76092
85268
98632
70725
70725
21701
05401
44305
33426
44305
60503
60504
05401
91706
20603
05401
60504
60504
33426
76262
60504
94080
60504
21740
70065
94080
24019
98632
94080
21701
33426
94080
76092
94080
70725
85225
76092
21701
60504
20603
21701
94080
05401
70129
94080
60504
70725
76092
24019
98632
21740
98632
70123
70129
70062
21701
85268
44305
67220
20675
05401
91706
85268
91706
91706
76092
94080
21701
70065
70725
60504
05401
33426
70725
70725
20603
60504
98632
94080
24019
70123
21705
70725
94080
60504
70123
91706
33426
33426
21701
77575
60504
98632
44319
21742
44305
85268
21740
98632
98632
76092
76092
76051
24019
21701
76092
21740
76051
76262
77575
21740
21701
33426
76092
85268
70725
70725
21701
21701
20603
70062
20603
45432
70065
21701
76262
21701
70062
98632
60504
67220
70065
21740
76092
98632
20675
21701
60503
76092
45432
21701
76092
60504
60504
21701
76092
70725
76092
45432
85268
76092
77575
76092
60504
85268
44305
70725
60504
60504
60504
76092
20695
33426
76248
63010
98632
77575
76092
76092
76092
70725
21701
30022
33426
60504
33426
85268
98632
76092
98632
77575
21701
21740
21740
60503
60504
76092
21740
76262
76092
77575
33426
21701
21701
60504
60504
98632
70725
77575
98632
33426
70725
76244
70117
76092
21701
76092
77575
21701
76092
76092
85268
60504
76092
76092
20603
33426
21701
77575
63010
33426
21701
70129
00000
22043
98105
98105
78577
30286
30286
30286
78577
78577
98105
34134
78577
92021
78577
98105
92021
02149
90012
98105
34134
94954
94954
92021
92021
34134
98105
94954
91706
90723
85034
78577
02780
85034
85034
91706
21701
05401
27603
91706
97392
27603
94133
78577
90012
02149
92021
22043
27603
85048
78504
27603
27604
80233
91706
94954
92021
92021
27603
90723
27603
92021
94954
27603
67220
92021
85048
92021
02780
27603
92021
21701
27603
94133
92021
02780
45014
60462
92021
60477
27603
27603
33426
90012
60477
22043
78577
05401
27603
78504
27603
45014
05401
60477
30260
91706
60477
78504
27603
90723
91706
30260
91706
97392
22043
90723
80233
70116
33426
97392
80127
85048
91706
21701
60462
30260
45014
91706
22043
30260
46204
67220
46204
30260
91706
25015
30236
94133
80127
21701
70116
21701
80127
30260
33426
80127
46204
78504
46225
99026
46225
46204
25015
30260
60462
21701
30260
90650
46204
78504
22043
46075
94133
60477
94133
90723
99026
34134
98021
94133
46204
90723
94133
95301
90650
60477
60477
70116
70130
46225
70116
94133
90650
65806
05401
94108
22043
94108
70043
21701
70116
46204
70116
30260
46204
65806
21701
30260
91706
70116
46075
94133
70116
65806
77550
21701
70130
34135
22030
77479
90650
34134
70043
05401
34135
99026
22030
29577
34134
94133
23111
95301
01752
05401
90012
90012
77479
65806
34134
05401
29577
78577
21701
34134
05401
99026
76207
21701
29577
46706
05401
70043
34134
34134
91791
34135
21701
91706
05401
46706
34135
76207
05401
92021
97202
76207
91706
91706
92021
76207
92021
85048
21701
78577
22030
92021
92021
99026
21701
46706
76207
46706
22030
76207
43221
99026
85048
99026
60504
92021
92021
05401
85048
21701
78577
60504
99026
46706
11234
60504
90012
92021
76207
21701
30260
92021
30260
85048
76207
85048
95301
11234
21701
77479
85048
01752
85048
01752
91706
90012
85268
85048
27410
70346
30260
76177
78577
85048
20745
21701
85268
60504
85268
70116
95301
85268
76177
76177
85048
60504
70065
60504
21701
70065
70116
20744
21701
85268
85048
95301
20744
20744
70116
76177
70116
70065
70346
01752
01752
70116
95301
76177
60504
21701
05404
21701
29577
60504
01752
20744
95301
70065
77479
78577
70065
70065
78577
76177
29577
01752
78577
05404
29577
20164
70065
78577
20744
29577
01752
60504
21701
20744
29577
90012
78504
01752
21701
29577
29577
70116
78577
20744
21701
20744
78577
76177
21701
91706
20164
78504
29577
70346
20744
70116
70116
60504
91406
85268
60504
95301
60504
21701
78577
01752
29577
01752
76177
90012
85268
78577
01752
32836
30022
30022
30022
76177
29577
76207
78577
76177
70065
29577
78577
21701
01752
60504
70116
76177
30022
20744
76207
78577
20744
01752
30022
29212
29577
01752
95301
95301
21701
60504
20164
85048
78504
76177
70065
21701
01752
76207
32836
30022
85048
32836
29577
60504
76207
70346
01752
70065
20164
29577
29577
29577
20745
76207
70116
70116
20164
60504
78501
70065
05401
01752
85048
70116
90012
76207
90012
60504
70116
76177
70346
60503
29577
29212
60504
30022
20744
76207
85268
60504
60504
20164
05401
29577
29577
21701
32821
70065
78577
30260
29577
20164
32836
80621
29212
77479
60504
76177
01752
95301
20745
60504
70116
05404
32836
05401
78504
05401
78577
21701
70346
77479
20190
80621
30260
85048
05401
78577
95301
76207
91316
20744
05401
95301
32830
29577
80621
76177
95301
60504
05401
29577
70118
60504
95301
20164
30236
05401
76258
70116
29577
32836
85048
77479
76177
85048
70065
29577
32836
30022
80621
32836
21701
70116
29577
70065
20164
90012
05404
95301
60503
30260
29212
32836
30260
80621
21701
01752
60504
40291
78504
32836
85048
60504
21701
32821
76207
30236
60504
60504
32836
32836
21701
76258
05401
60503
30260
60504
01752
29577
70065
32836
70065
60504
30022
60504
60504
77479
29577
76207
76207
80621
20190
91423
76207
20166
20164
20164
70116
29577
60504
60503
70116
76207
01752
32836
90012
70116
85048
01752
80621
76207
76258
30236
29577
32836
29577
95301
70116
30236
20148
20744
76207
85048
76207
77479
30022
77479
20164
78504
80621
76258
32836
30022
91406
05401
21701
20744
91406
95301
80621
70725
95301
29577
20148
30022
76258
70116
29577
70725
60504
80621
60504
01752
30022
21701
95301
85048
21701
70065
20164
05401
70725
76207
70116
29577
60504
32836
60503
76207
70065
78504
01752
60503
29577
70116
78501
40291
29577
60504
76207
30022
30022
70346
60504
29577
32836
29577
78504
91406
29577
32836
85048
85048
78501
20164
30236
76207
60504
21701
32836
80621
29212
30022
91406
30236
76207
76207
76258
70116
76258
21701
30260
85048
70725
30005
29577
21701
32836
60504
30260
29577
76258
29577
80621
91406
70065
70116
29577
70065
91406
70116
78504
32836
30236
21701
29577
80621
06119
32836
85048
78504
70116
60504
70065
30260
29577
06105
30022
01752
70065
70118
77479
20148
85048
60504
91316
80621
91706
05401
70065
76207
91406
32836
70725
40291
32836
05401
06105
32836
20148
60504
21701
76207
20148
30260
32836
29577
20148
78504
05401
29577
30236
29577
70065
76207
60504
30260
32836
70118
60504
80403
32836
91406
70725
65807
85048
70065
76207
06117
70065
32836
80621
80621
20148
05401
05401
65807
70346
29577
20148
30022
70725
78504
30236
76207
30022
80621
70725
70725
21701
30236
30022
65807
78504
60504
60504
32836
30022
77479
17601
70346
60503
05401
32836
32836
77479
91406
29577
06119
06105
60504
30236
29577
29577
70065
60504
70118
29572
80621
60504
70065
32836
80621
29577
70118
05401
30236
06117
77479
21701
70065
30236
17601
70346
20147
70725
91406
60504
46075
78504
29577
60504
70725
40291
40291
29577
80621
91706
70346
17601
29577
30236
91706
17601
06105
29577
80621
91706
05401
78504
78501
91406
29577
70065
20148
30260
70725
78504
80403
29577
60504
77479
70118
60504
60069
70725
17601
91706
60069
60504
32836
91325
70346
70118
46075
40291
20148
05401
77550
80621
70065
77479
46052
29577
29577
05401
60504
46075
77479
20148
17601
21701
60504
05401
85048
21740
77550
80403
91406
20147
21740
21701
17601
78501
80621
21740
29577
70065
17601
91706
91406
21740
17601
60044
05401
06117
91706
70725
02108
91706
21701
02116
02111
30236
80621
21701
85048
77550
30236
78504
70065
40291
21740
91706
60504
60504
91706
02108
77479
78504
65807
78504
60504
17601
91406
02116
17601
70065
21740
46075
91406
91406
70065
77550
85048
60503
78504
60504
05401
02108
77479
60504
70725
29577
77550
91706
46075
17601
30260
02108
60504
77550
05401
05401
30236
91706
77550
70065
30236
85048
60504
05401
91406
30260
91406
60504
02108
91406
77479
02108
30260
78504
85048
05401
17601
30260
85048
70725
77479
60504
65807
29577
17601
21701
21740
21740
05401
91406
02108
02108
06117
77479
46075
05401
60504
20147
02116
30260
70118
30236
05401
70118
70118
30260
05401
21701
60504
60504
77550
91406
21740
60045
60044
85048
05401
85048
77550
80403
30260
78526
78501
65807
91706
21701
05401
60045
60504
60504
77550
02108
80621
02111
77479
80621
05401
77550
05401
02108
60069
30236
21701
77550
05401
46075
30236
05401
70118
05401
80621
05401
02116
60045
77550
46075
02108
85048
80621
60503
60504
80621
60069
80403
77550
30260
65807
21701
78504
02116
05401
46075
30236
17601
02111
17601
20147
77550
77479
46075
85048
21701
17601
85048
20147
78504
21701
21701
30236
02108
02108
46075
30236
17601
05401
65807
05401
77479
78526
02108
60045
85048
60045
70118
46075
77550
60045
17601
30260
70118
60504
91406
17601
02108
77550
60477
65807
05401
02111
85048
85048
80403
05401
60477
60504
65807
05401
30236
30236
77479
30260
05401
60045
30236
85048
02108
60504
77550
05401
77550
02111
30236
77550
60504
65807
02116
02108
05401
77550
02116
02108
05401
60504
80403
05401
60504
02108
30260
77550
80403
02116
77550
21742
80403
30260
78526
70118
85225
30236
60504
02108
80621
60477
77550
21740
60069
33426
80403
02108
02111
80403
77550
60504
05401
85048
21701
02108
30236
60044
91706
05401
70118
21701
02111
02108
77479
80621
77550
60504
02116
70118
02108
05401
78526
77550
77550
21742
70118
02116
02111
30260
77479
85048
21701
05401
65807
60504
60503
77479
80403
91706
02111
85225
91706
33426
21740
70118
60045
77479
80621
06117
21742
78526
60045
77550
60045
33426
70130
21701
91706
77550
85281
02116
70130
65807
77479
77550
02108
78526
21701
78526
77550
60504
30236
30260
02108
91406
77479
80403
80621
21740
80621
91706
60069
60504
70118
60477
70130
78526
78526
21740
85225
30260
80403
85048
60504
80621
77479
80621
65807
80621
60504
60504
02111
21701
60503
80403
60504
60504
65807
33426
70006
60504
78526
60504
80403
33426
77479
20166
70118
60477
60504
05401
21701
05401
78526
85281
60504
21701
20148
60504
60504
20166
33426
21701
05401
60504
20166
60045
05401
70006
44305
60504
60044
44305
30236
60069
30260
77479
21701
30260
44305
33426
21701
30236
60504
60504
20166
44305
44305
33426
44305
70006
21701
60477
91706
80621
60504
30260
60503
70130
80203
20148
44305
20148
44305
05401
44305
05401
21701
60504
20148
20148
33426
02116
30236
80203
05401
02111
80621
30260
30236
02116
28574
70129
21742
44305
28574
05401
70006
21742
30260
77479
21701
80621
21701
21742
02108
77479
05401
02108
21701
21742
44305
21701
30286
60069
94133
20148
20148
21701
05401
60504
05401
02111
20148
94133
28574
44305
94133
30236
28574
20148
70006
77479
28574
21701
33426
05401
02116
02110
05401
28574
02108
02111
20148
65807
60504
70130
02108
02108
20148
02116
33426
91706
20148
28574
21740
02116
80621
80203
94133
05401
20148
89521
02111
65807
02116
02111
02108
30236
44305
70006
21701
05401
60503
05401
30286
60504
33426
05401
21701
21701
65806
21701
30236
05401
60477
33426
33426
02108
20148
60504
05401
28574
30236
21701
44305
05401
28574
44305
60504
21701
21701
70129
94133
65806
30260
21701
94133
60477
21701
44305
30260
02111
28574
65806
28574
20148
70006
02111
33426
60504
28574
94133
02114
05401
65807
05401
94133
28574
65806
30286
44305
60504
70006
02108
44039
94133
33426
21701
94133
28574
70006
02114
44305
05676
30236
44039
65806
94133
70006
02111
70006
44305
02110
70006
60477
05401
94133
94133
60477
65806
60504
44039
60504
05676
60477
28574
21701
65806
30236
89521
94133
21701
65806
30286
28540
65806
21701
21701
44305
33426
65806
02111
60477
30286
60504
05401
33426
30286
65807
28574
05401
44039
60477
70006
70006
20148
02108
70129
05676
65807
30286
21701
30286
30286
65807
60477
44039
65806
70129
02113
65806
02110
65807
60477
28574
70006
44305
02111
30286
65807
60504
30286
60477
21701
44039
02116
94133
70006
21701
44039
44039
02113
05676
33426
65806
02114
21701
02203
60504
05676
33426
94133
05401
02138
80403
20148
60477
60504
28574
94133
21701
44305
60504
30286
02108
05676
66226
60477
02114
02138
01852
02109
28574
66226
33426
94133
65806
66226
05401
02108
70006
65806
02108
33426
44305
66226
05676
66226
05401
02113
05401
02138
60504
60477
33426
02111
02111
05401
60477
60477
94133
05401
05401
30286
30286
05401
94133
02108
60477
05401
60504
21701
94133
23111
30286
65807
65806
65806
80403
80403
02138
44305
60477
33426
94133
44039
66226
30286
70006
28574
02203
70006
02138
02108
20148
21701
30286
60477
60477
70129
44039
05401
60477
94133
21701
44039
02108
21701
44039
60477
60504
05676
21742
80403
60477
94133
44039
94133
30286
60477
02111
21701
60477
02138
60477
60477
28574
65806
60477
02114
05676
60048
65807
28574
05676
80403
02203
01852
02138
91706
70129
30286
30286
05401
60504
02138
05401
05676
60477
65806
23111
94133
60477
70006
20148
30286
20148
02109
80403
60477
30286
94133
77461
80403
80403
05401
30286
60048
60477
02467
65806
66226
80403
65807
66226
60477
02203
05401
02109
44039
60477
30286
65807
44039
80403
66226
05676
60477
02108
60477
60477
02111
70006
80403
91706
20166
60477
60477
28574
02111
30286
05401
80403
28574
05401
02111
80403
23111
20148
60048
02114
21701
60477
80403
80403
60477
28574
66226
44039
02138
80403
02138
65806
30286
91706
80403
80403
94133
65806
91706
66226
02108
02108
60477
44039
23111
60477
66226
28574
60048
01852
05676
65806
02113
65806
80403
65807
70006
02138
70006
65806
28574
91706
30286
65806
28574
02109
60477
02111
28574
91706
02109
02108
65807
02113
65806
65806
02114
02111
70006
02138
02111
02111
05676
65806
77461
02116
77461
05401
70129
65806
66226
80403
66226
65806
70006
66226
05401
02111
60477
02108
02111
65806
60048
30286
66226
65806
21701
60477
02138
91706
76092
02108
60048
60048
05676
23111
70006
80403
80403
91706
80403
05401
05676
02113
01852
76092
05401
44039
44039
94124
76092
65806
94080
02113
70006
80403
05401
80403
44039
30286
02116
02109
76092
05676
91706
65806
80403
60477
80403
60048
60477
21701
91706
60477
60477
02108
60477
24019
70006
60048
60477
80403
70006
70006
94080
70006
80403
94080
70006
66226
91706
05401
65806
60477
65806
05401
30286
76092
01852
05401
76092
60048
65806
05676
02116
65806
70006
60477
05401
60477
05401
30286
85225
44039
70006
60477
02116
91706
05401
60477
24019
85225
05676
02111
60477
76092
05401
65806
21701
02111
85225
76092
21701
05401
85225
80403
65806
05676
21701
60477
02116
02138
70006
91706
77461
30286
23229
66226
60048
77461
94080
60048
85225
30286
60477
76092
94080
94080
21701
60048
60477
94080
66226
66226
05401
76092
66226
91706
21701
30286
77461
05401
91706
33426
21701
94080
21701
30286
21701
05401
05401
91706
21701
21701
70006
21701
21701
66226
98632
80403
33426
05401
70062
70062
66226
70123
21701
80403
21701
98632
05401
05401
05401
21701
91706
66226
60048
80403
60048
70725
24019
66226
70006
23111
80403
33426
76092
23111
05401
85268
60048
70006
30286
05401
91706
66226
21701
24019
21701
85268
21701
21701
94080
70725
76092
76092
21701
70123
91706
76262
05401
24019
94080
70129
76092
33426
05401
98632
45432
94080
94080
05401
21701
91706
91706
98632
85268
70129
94080
70062
23111
05401
05401
05401
85225
70725
76092
05401
80403
05401
85268
21701
05401
76092
60048
85268
91706
85225
76092
76262
91706
05401
70123
70123
76092
76262
94080
98632
85268
94124
70725
76262
94124
05401
76092
21740
45432
98632
21742
85268
85225
05401
85268
70123
05401
94080
20695
60504
33426
70123
44305
70725
76092
85268
98632
70725
70725
21701
05401
44305
33426
44305
60503
60504
05401
91706
20603
05401
60504
60504
33426
76262
60504
94080
60504
21740
70065
94080
24019
98632
94080
21701
33426
94080
76092
94080
70725
85225
76092
21701
60504
20603
21701
94080
05401
70129
94080
60504
70725
76092
24019
98632
21740
98632
70123
70129
70062
21701
85268
44305
67220
20675
05401
91706
85268
91706
91706
76092
94080
21701
70065
70725
60504
05401
33426
70725
70725
20603
60504
98632
94080
24019
70123
21705
70725
94080
60504
70123
91706
33426
33426
21701
77575
60504
98632
44319
21742
44305
85268
21740
98632
98632
76092
76092
76051
24019
21701
76092
21740
76051
76262
77575
21740
21701
33426
76092
85268
70725
70725
21701
21701
20603
70062
20603
45432
70065
21701
76262
21701
70062
98632
60504
67220
70065
21740
76092
98632
20675
21701
60503
76092
45432
21701
76092
60504
60504
21701
76092
70725
76092
45432
85268
76092
77575
76092
60504
85268
44305
70725
60504
60504
60504
76092
20695
33426
76248
63010
98632
77575
76092
76092
76092
70725
21701
30022
33426
60504
33426
85268
98632
76092
98632
77575
21701
21740
21740
60503
60504
76092
21740
76262
76092
77575
33426
21701
21701
60504
60504
98632
70725
77575
98632
33426
70725
76244
70117
76092
21701
76092
77575
21701
76092
76092
00000
60504
76092
76092
20603
00000
21701
00000
63010
00000
00000
70129
00000
